8
7.6
7.3
7.3
7.8
7.7
7.6
7.7
7.6
7.4
7.4
7.7
7.4
7.6
7.4
7.1
6.8
6.8
7.2
7.3
7.3
7.7
7.5
7.4
7.4
7.2
6.8
7.3
7.6
7.4
7.5
8.1
8.2
7.7
7.4
7.3
7.6
7.8
7.6
8.5
8.2
7.6
8.1
8
7.7
7.5
7.6
7.7
7.7
7.7
7.4
7.6
7.7
7.9
8.2
8
8.2
8.3
7.8
7.4
8
8.2
8.1
8.1
8.3
7.9
7.5
7.3
7.4
7.8
7.8
7.9
8.1
8
8.3
8.3
8
8.5
8.6
8.4
8.3
8.4
8.5
8.3
8.3
8.3
8.2
8.4
8.4
8.6
8.4
8.7
8.4
8.3
8.2
8.3
8.7
8.6
8.7
8.7
8.8
9.1
9.4
8.8
8.3
8.3
8.8
9
9.1
8.8
8.8
9.2
9.5
9.5
9
8.8
9.1
9.4
9.2
9.3
9.2
9.7
9.8
9.5
8.9
8.9
9.2
9.1
9
8.4
8.5
9
8.8
8.8
8.7
9.1
9.2
9.3
9
9.1
9.3
9.4
9.2
9.4
8.8
8.7
9
9.2
8.8
9.2
9.9
9.2
8.3
9.3
9.3
9.6
9.3
8.9
8.8
9
9.1
9.3
9
9
8.9
9
9.5
9.8
9.8
9.5
9.1
9.3
9.4
9.3
9
8.8
9.5
9.6
9.7
9.7
9.2
9.5
9.7
10.1
10.4
10.6
10
10
10.5
10.8
10.3
10.7
11.4
11.2
11.1
11.7
12.5
12.8
12.9
13.3
14
14.6
14.5
14.7
15.1
16
16.3
16.6
17
17.6
17.6
17.9
18.1
18.4
18.6
18.5
19
19.2
19.1
19.2
19
19.1
19.3
19.3
19.5
20.2
20.3
20.4
20.7
20.4
20.1
20.5
20.5
20.7
20.5
20.7
20.8
20.5
20.2
20.6
21.1
20.8
20.4
20.3
20.3
20.6
20.8
20.6
20.4
20.9
20.6
20.3
20.2
20.1
20
20
19.8
19.4
19.9
20.2
20.5
20.4
20.3
21.1
21.1
20.7
20.5
20.6
20.6
20.7
20.5
20.5
20.8
20.6
20.1
20.1
20.1
20.1
20.3
20.3
20
19.4
20
19.9
19.5
19.5
19.9
20.5
20.4
20
19.4
19.8
19.9
19.7
19.9
19.7
19.8
20.5
20.3
19.8
20
20.2
19.6
19.4
19.2
19.6
19.5
19.5
19.4
19.1
18.8
19.2
19.7
19.3
18.7
18.2
18.1
18.1
17.5
17.3
17.6
17.3
17.4
16.8
16.4
16.2
16.1
15.3
14.7
14.4
13.8
13.8
14.3
13.9
13.8
13.5
13.4
13.6
14
14.3
15
15.5
15.5
15.4
15.7
16.1
16.6
17
17.7
18
18.1
18.6
18.7
18.3
18.4
18.3
18.7
19.2
19.5
18.9
18.6
19.2
19.4
19.4
19.1
19.1
19.3
18.7
18.6
18.7
18.9
19.3
19.6
19.4
19.1
19.2
19.5
19.7
19.7
19.6
18.9
19
19.7
19.5
19
19.3
19.2
19.2
19.3
19.2
19
18.9
18.6
18.6
19
19
18.8
18.7
19.2
19.5
19.4
19.3
18.8
18.9
19.1
19.3
19.3
19.3
19.4
19.2
18.9
18.9
19.2
19.3
19
19
19.4
19.4
19.3
19.2
19.5
19.8
19.4
19.1
19.4
19.4
19.2
19.3
19.4
19.4
19.2
18.9
19
19
18.7
18.8
19.3
19.4
19.2
19.5
19.6
19.2
19.4
19.5
19.7
19.4
19.2
19.3
19.4
19.2
18.7
18.9
18.8
18.6
18.4
18.2
18
17.4
16.5
16.5
16.4
15.9
16
16.3
15.6
15.1
14.9
14.3
13.4
13.4
13.1
13.5
13.6
13.7
13.5
13.6
13.9
14.2
14.4
14.7
14.9
15.3
16
16
16.5
17
17.2
17.2
17.7
18
17.7
17.6
18.1
18.5
18.7
18.2
17.9
18.4
18.7
18.7
18.1
17.8
18.5
18.8
18.9
18.6
18.7
18.8
18.6
18.9
19.1
18.7
18.8
19.3
19.1
18.7
18.3
18.5
18.3
18.4
18.4
18.4
18.3
17.9
18.2
18.3
18
18.1
18.7
18.5
18.1
18.2
17.7
17.8
18.1
18.3
18.1
18.1
18.2
18.3
18.7
18.4
17.7
18.1
18.5
18.8
18.5
18.2
18.6
18.8
18.3
18.6
19
18.8
18.4
18.6
18.4
18.6
19
19.3
18.6
18.3
18.5
18.6
18.3
18.3
18.4
18.4
18.6
18.8
18.5
18.5
18.6
18.4
17.9
18
18.4
18.4
18.3
18.5
18.2
18.1
17.9
18.2
18
18
18
17.7
17.4
17.4
17
16.8
17
17.1
16.6
15.9
15.3
15.5
15.3
15.5
15.2
14.5
13.9
13.7
13
12.9
13.3
13.6
14.2
14.7
14.8
14.7
15
14.9
15.4
16.5
16.8
16.8
17.2
17.4
17.7
18.4
18.4
18.3
19.2
19.5
19.8
19.7
19.8
19.6
19.8
20.4
20.1
19.5
19.6
20.2
20.1
19.7
19.8
19.7
19.6
19.3
19.3
20
19.6
19.7
20.1
19.8
19.4
18.9
19.2
19.7
20
19.7
19.5
19.7
19.4
19.4
19.3
19.4
19.5
19.3
19.5
19.6
19.5
19.7
19.6
19.5
19.2
19.7
19.8
19.2
19.4
19.9
19.6
19.8
19.8
18.8
18.6
18.9
19.3
19.8
19.5
19.3
19.5
19.4
19.1
18.5
19
19.2
19.1
19.4
19.5
18.7
18.9
19.4
19.6
19.7
19.1
18.9
19.3
19.3
19.2
19.3
19.7
19.2
19
19.3
19.5
19.4
19.2
18.8
19.1
19.4
19.5
19.6
19.4
19.2
18.9
18.7
18.5
18.5
18.1
17.6
17.9
18.1
18.6
17.8
17.4
17.3
17
17
16.8
16
15.1
15.3
15
14.6
14.1
13.6
13.3
12.8
12.6
12.5
12.3
11.9
12.1
11.9
11.9
11.8
11.6
12
12.6
12.3
12.2
12.9
13.5
13.3
13.3
14.2
14.3
13.6
13.5
13.9
14
14.2
14.4
14.5
14.4
14.2
14.2
14.5
14.3
14.3
14.9
15.2
14.9
14.8
15.3
15.4
14.9
15
15.5
15.2
14.3
14
14.7
14.9
15.1
15.3
14.7
14.1
14.6
15.6
15.9
15.5
14.8
14.3
14.2
14.5
14.2
14.6
15
14.9
14.1
14.3
14.7
15
15
14.9
14.6
14.5
15.2
15.7
15.6
15.2
14.7
14.8
14.9
14.9
15.1
14.8
14.8
15.3
15.3
15.2
15.1
15.2
15.1
15.2
15.1
15.2
15.2
15.1
15.1
15
15.1
14.8
14.5
14.8
15.2
15.4
15
15.2
14.9
14.4
15
15.6
15.4
15
14.6
14.6
15.1
15.1
14.9
15
14.4
14.3
14.9
14.9
14.3
14
13.6
13.4
13.3
12.9
12.7
13.1
13.2
13
12.7
12.3
11.9
11.6
11.7
12.2
12.4
12.5
12.3
12.3
12.8
13.1
13
13.3
13.7
14.3
15
15.2
14.9
15.2
16.2
16.7
16.9
17.3
17.4
17.3
17.4
17.8
17.8
18.1
18
18.2
18.3
18.4
18.7
19.2
18.9
18.7
19.1
19.3
19.1
19.1
18.6
18.3
18.5
18.7
18.5
18.5
18.5
18.5
18.3
18.4
18.7
18.4
18.4
18.6
18.4
18.2
18.7
18.9
18.9
18.9
18.3
18.3
19
18.7
18.6
18.8
18.5
18.9
18.5
18.4
18.7
18.8
18.7
18.9
18.7
18.5
18.3
18.7
18.6
18.5
18.6
18.3
18.1
18.4
19
19.3
19.2
19
18.8
18.6
18.8
18.9
18.6
19.2
19.1
18.9
18.9
18.7
19.2
19.4
18.7
18.3
18.1
17.8
18.4
18.8
18.8
18.9
19
18.8
18
18.1
18.3
18.9
18.9
19
19.2
19
18
17.5
17.9
18.2
18.9
18.6
18.3
18.1
17.8
17.7
17.6
17.6
17.1
16.9
16.4
15.7
15.3
15
14.7
14.9
14.6
14.2
13.7
13.2
13.1
13.4
13.5
13.4
13.7
14.3
14.8
15.4
16.2
16.3
16.4
16.5
16.8
17.4
17.7
17.8
18.2
18.6
18.5
18.5
18.9
19.2
19.3
19.3
19.3
19.4
19.6
19.7
19.7
19.9
19.3
19.5
19.8
19.7
20
20.2
20.1
19.9
19.6
19.4
19.6
19.5
19.2
19.5
19.8
19.5
19.3
19.3
19.3
19.2
19.4
19.4
19.7
20.1
19.5
19.3
19.4
19.4
19.8
19.7
19.4
19.3
19.6
19.5
19.2
19.2
19.1
19.4
19.5
19.4
19.7
19.8
19.4
18.9
19.1
19.4
19.4
19.6
19.6
19.8
19.5
19.6
19.7
19.5
19.3
19.4
19.4
19.2
19.4
19.7
19.7
19.8
20.1
20.4
20.4
19.9
19.9
19.9
19.4
19.4
19.3
19.6
20
19.8
20
19.7
19.5
20
19.4
19
19.1
19.2
19.5
19.5
18.8
18.8
18.9
18.3
18.1
18.4
18.3
18.7
18.8
18.2
17.6
17.3
17
16.6
16.3
15.9
15.1
14.8
14.4
13.2
13.2
12.9
12.1
12.2
11.8
11.8
11.7
12
12.3
12.8
13.1
13.7
14.2
14.4
14.6
14.8
15.3
15.7
15.5
15.6
15.8
16.6
16.8
16.5
16.9
17
16.6
16.6
17.2
17.1
16.8
17.3
17.1
17
17
16.6
16.5
16.7
16.7
17
16.8
16.4
16.5
16.5
16.6
16.8
16.8
16.2
15.9
16.7
16.9
16.9
17
16.9
17.1
17.7
17.9
17.9
17.6
17.3
17.4
17.4
17.2
17.2
16.8
17.1
17.5
17.7
17.3
16.6
16.8
16.8
16.7
16.3
16.7
17
17
17.4
17.4
17.4
17.3
17.4
17
16.9
17
17.4
18
17.7
17.4
17.2
17.5
17.6
17.2
17.2
17.3
17.6
17.1
16.8
17.1
17.2
17.4
17
16.8
17.5
17.8
17.7
17.1
16.9
16.7
17.1
17.4
17.3
17.8
17.9
17.5
17.4
17.1
17.1
16.6
16.8
17
17.1
17.3
16.7
16.2
16.4
15.9
15.5
15.3
15.1
14.6
14.3
13.8
13.4
13.2
13.3
13.6
13.9
14.5
14.9
15.1
15.3
16.5
17.2
17.3
18
18.8
19.6
20.1
20
20.7
21
21
21
21.5
21.9
21.8
21.9
22.4
22.7
22.8
22.8
22.6
22.8
22.6
22
22.3
22.4
22.7
22.8
23.2
22.7
22.4
22.9
23.3
22.6
22.3
22.9
22.7
22.6
22.4
22.6
22.6
22.5
23.3
23.1
22.4
22.7
22.7
22.5
22.2
22.6
22.9
23
22.3
21.6
22
22.1
22.3
21.9
21.7
22
21.9
22
22
22.2
22.8
22.4
21.7
22
22.3
22.2
22.6
22.1
22.2
22.1
21.9
22.1
21.8
21.5
21.8
22.2
22.5
22.4
22.7
22.1
21.3
21.1
21.3
21.9
22
22
22.1
22.2
22.1
22.6
22.6
22
21.9
21.9
22.2
22
21.5
21.7
22.2
22.2
21.8
21.8
21.9
22.3
22
21.6
21.5
21.3
21.6
21
20.3
20.6
20.7
20.5
20
19.9
19.9
19.2
19
18.7
18.2
17.9
17.8
17.2
16.5
15.6
15.2
14.9
14.3
13.7
13.2
12.7
11.6
10.8
10.4
10.3
10.6
10.8
9.7
9.1
9.5
9.3
8.9
9.2
9.6
9.4
9.1
8.9
9
8.2
8.5
8.8
9.2
8.9
8.7
9.2
9.3
9.1
8.9
8.6
9
9.3
9.5
9.5
9.2
9.5
9.7
9.6
9.3
9
8.6
8.8
9.5
9.8
9.6
9.3
9.6
9
8.4
8.5
8.8
8.9
9.2
9.4
9.4
9.4
9.6
9.2
9
9.2
9.6
9.6
9.1
8.8
8.7
8.9
9.4
9.6
9.1
8.8
8.6
9.1
9.7
10
9.8
9.1
9.4
10.1
9.8
9.5
9.3
9.5
9
9.6
10.3
10
9.8
9.6
9.9
9.9
9.3
9.3
9.5
9.5
9.9
10.1
9.5
9.8
9.8
9.5
9.5
9.8
9.8
9.7
9.9
9.9
9.7
9.7
9.5
9.6
9.6
9.8
10.1
9.9
9.7
9.6
9.3
9.5
9.5
8.8
8.8
9.5
9.5
9.7
10.2
10.2
10.4
10.3
9.7
9.7
9.9
9.5
9.8
9.9
9.8
9.8
9.7
9.9
9.7
10.2
10
9.4
9.9
9.7
9.3
9.8
9.8
9.3
9.5
9.8
10
10.2
10
9.7
9.7
9.8
10.1
9.9
9.7
10.1
9.9
9.8
9.9
10.1
10.3
10.3
9.8
9.9
9.8
9.5
9.3
9.6
9.7
9.6
9.9
10
9.7
